3.1416606276464485
3.1416606276464485
3.1416606276464485
3.1416606276464485
3.1416606276464485
3.1416606276464485
3.1416606276464485
3.1416606276464485
3.1416606276464485
3.1416606276464485
3.1416606276464485
3.1416606276464485
3.1403747477868986
4.121989517576892
4.115748109058817
4.1143192691409745
4.100457505833334
4.07415141082462
4.040605962628054
4.000612755869797
3.9549155949529036
3.9029089276877893
3.8432569696404077
3.7763838411274215
4.701428920345619
4.621424330324604
4.53730782400406
4.446287713677973
4.348558944410578
4.242604287891099
5.127631224702461
5.003721098355528
4.8702310824572415
4.725893493863789
5.571677748956951
5.405740031768351
5.2281313981396424
5.040775017777058
5.847838453185337
5.650364722447339
5.446250410679817
5.233660729713956
6.011959575516615
5.782069845319467
5.548186201022661
6.309808736980474
6.065558277932646
5.813587672826493
6.554208890974139
6.303998224713458
6.050966257603278
5.792536453253711
5.538424911258849
6.288439987083478
6.029704063809932
5.771424034371232
6.516327163770675
6.263351902774975
6.0116806637119575
5.759385832459689
6.50581057917305
6.252354464509252
5.993468876922807
6.564988528444635
6.270765800082064
5.974533691936998
6.676953280373088
6.377750098358079
6.075301452948794
6.768041422633864
6.454726971194746
7.13904146654525
6.824373055230029
6.509722792206679
6.196140727318515
6.879543517066662
6.5602688948381145
6.239846625019341
6.916915001318039
6.590151531517189
7.258288707716697
6.9253654269761045
6.593365269325018
7.262108000348954
6.931999269280792
6.600105649696765
7.2654282887424975
6.929665486498083
6.5922358051676735
7.254787058358175
6.919273732708733
6.583429347738756
7.245282005073535
6.903377608810093
6.556923654201405
7.208872060177298
6.862211780847474
6.517012050842019
7.172274023232073
6.826550339301928
7.477843319393646
7.128062354069779
6.779317780588569
7.4323707074074985
7.086415753370281
6.739100062336154
7.389413268598417
7.0387590462125065
6.687018535620288
7.33630207185967
6.986877128760556
6.637096163316875
7.286785626945538
6.935444309335098
6.58304838314607
7.227907099577581
6.868596138632341
7.508524326078534
7.1502747145336025
6.7934040658926405
7.437376091492433
7.080255945800783
6.720695482921496
7.3602676500697415
7.002898006516497
6.647057030496141
7.293351364685538
6.937784826560295
6.580340342068176
7.2221714442991845
6.867167268024538
7.514035439725138
7.162369773548004
6.809649489642844
7.454982263250058
7.09972861608305
6.745141835524593
7.393096329240664
7.041804890832536
6.689864781166888
7.335272401921948
6.980510999992519
6.628570888223612
7.278734395757095
6.930164474559251
6.580614783407917
7.228537573197426
6.875336517421035
7.5215492652490115
7.168704230140907
6.817419540337487
7.466072604430433
7.113477070787628
6.760582137207372
7.406645184410333
7.050380063002801
6.69140018194517
7.331146987907188
6.973752403382368
6.617861522073934
7.263724977207377
6.9081901399718495
7.549771728919843
7.191721717353076
6.835830837030687
7.482093481456489
7.130103471701315
6.776727763347727
7.421686292118985
7.065015241835706
6.70782024856047
7.351567725697605
6.99680633053608
6.643031420364977
7.291815963420139
6.9413795663882105
6.591249300854435
7.91601595212699
7.564425153456509
7.215406115106996
6.868745842111056
6.5238272796753884
6.7566072403508155
7.164766427081349
6.820673095769085
6.478645866290707
6.880252954409389
6.540932310524314
7.092983381926647
6.754660893032559
6.416990614902325
6.624824830387341
6.98399463046917
6.656710559510512
7.004514809257531
6.683664688277891
6.363494758232204
6.847748940477554
6.541519886059117
6.932665576327994
6.63441077012768
7.060462425183282
6.769385716593078
6.479341284209941
6.931780248674996
6.653319983340275
6.372553693772256
6.840430139868316
6.560243564066443
7.02795813226113
6.747332832992425
6.460457115768209
7.688084729432486
7.416048921960422
7.140353022608604
6.859144815219274
6.578061233268636
7.206204271295507
6.92229396922328
6.631474098453406
7.291480106056142
7.001968201883064
6.703684246149689
6.398393196565652
7.069132229586106
6.759677947015005
7.429146990246168
7.110533902796083
6.791943083036448
6.4709116905427635
7.137657336680601
6.810986188873466
6.480143020430141
7.136129493860342
6.798420154461841
6.460424492798556
7.111386260130554
6.771118427320551
7.417268572423604
7.073564433926408
6.727667935973097
7.414382927646047
7.063918855495927
6.712754182702529
7.349886776275974
6.9981838456323135
6.6481301791932195
7.2885513081052835
6.936427789872113
6.585244082380364
7.22301078326495
6.87182451362602
6.521633255099722
7.161750304888211
6.810061493064267
7.446677644189902
7.0922631018816045
6.738087703855315
7.374972654550579
7.020170544156044
6.664018608755935
7.296743120723754
6.942724704372865
6.590150077542524
7.229230695398795
6.877328483851579
7.557494801714475
7.202892868879662
6.850856122856161
6.500917428478193
7.141303671100237
6.79148335645379
7.429641700426971
7.076313019036346
6.722071793744447
7.357743984613954
7.0058689628500375
6.654123498347549
7.290974238789428
6.937463657247981
6.582693457259933
7.220460581710781
6.868634273947038
7.507646065612795
7.155182540254241
6.802824393812285
7.439144295611525
7.0825152592743095
6.721960320988647
7.350399738245199
6.990180918139274
6.632150382840628
7.309845489502827
6.950741638273527
7.579329591618164
7.217958393044592
6.85879225912638
7.491861831788796
7.135230821786084
6.777724152107635
7.408072014678569
7.048706499227913
6.6907095176859865
7.325078685886316
6.970950235030784
6.615914475953319
7.2486739518267544
6.891793444993224
7.525385691534465
7.172489910798512
6.821279227359593
7.4587289429824155
7.1037602334652155
6.747980416753192
7.384810676893816
7.0338114695445935
6.684520774264855
7.324805748940989
6.9722339241102835
6.618272428960825
7.298534021176244
6.944401358968307
6.592326512922915
7.229367156340783
6.8761029813587795
7.512337343810797
7.158306284755724
6.805455577876678
7.444231919154042
7.093662845658047
6.741220318744757
8.364836211562757
8.008602803065338
7.654559400562734
7.302688841564308
6.9514318178695484
6.599773607019693
7.234788067191088
6.8757691649387205
7.505015209931297
7.146342937887049
6.789726764767155
7.468884479836288
7.1115409842921595
6.751316157548275
7.381422655348242
7.023029148177672
6.667713010930892
7.303470010579808
6.947944657529346
6.591012765731399
7.2232655401801065
6.868605982628809
7.505762588468566
7.155356215548349
6.802654077024235
7.439282264422412
7.08375309567136
6.727834599250132
7.362506393685766
7.009798459858067
6.6567797159721245
7.292485246378991
6.938179966804026
6.582942866689885
7.2141605016501655
6.852126655125911
7.524202131917048
7.163869632893277
6.80422488544114
7.43686352745513
7.077481880678624
6.715669393195774
7.343839474396755
6.984734566498256
6.628256691222885
7.261600678362794
6.905344429090869
7.539109400432848
7.180093266643047
6.824647803976509
7.471499447735818
7.119312488642561
6.767212106803212
7.416916960547587
7.069551655167843
6.726250801953143
8.233377892132955
7.890809314352633
7.5463121754825275
7.198402466139135
6.849097819420321
6.5033460496806255
7.160429927511769
6.822348413216272
6.4868254478084335
7.156105639998532
6.818739065035645
6.4789016317243915
7.410842278639593
7.0724692801924895
6.737270778134406
6.405603465813615
7.310703637261295
6.986430612643653
6.66911402734844
6.355638029992336
7.185569423633418
6.8631545409576065
6.542850074332331
7.259377072304127
6.934076553782028
6.610688678972224
7.187923375972896
6.856818946035307
6.524125370218545
7.074103248881329
6.7537101953775736
6.438903262433364
7.0287218433683165
6.739322924606889
6.457504795396574
7.116280465540865
6.867413709395296
6.621257817154225
6.377431950548635
7.016150698647316
6.786037708724401
6.550441133228893
7.252843893092528
7.010185733981014
6.759308750308621
6.500316685518016
7.2170624600220235
6.942944602542289
6.6602789951435355
6.371803606963086
7.40685647537842
7.108094741031985
6.800539469337636
6.48467619782399
7.163100550349958
6.839646752212205
6.514037994507149
7.18486815818167
6.852367863861653
6.515063295992031
7.172042339386541
6.828206648941297
6.483974584100036
7.137718795696506
6.792502187686344
7.444321863252961
7.097680442162089
6.749853828029098
7.397842852172933
7.043245857021719
6.687409289192706
7.3327573773360415
6.980335271743384
6.629083695394207
7.276070438920954
6.92097897204865
6.565584116522022
7.212468279332568
6.861520950255799
6.51202382774389
7.161419806665768
6.808734483695174
7.454788316555886
7.099916968575809
6.746246779652161
7.394078145664266
7.041729870532599
6.688315290873064
7.334561012903558
6.980350744814191
6.626384222748755
7.274026164941968
6.922007902348987
6.568645329281172
7.213870133148517
6.858949372225443
7.505427024297377
7.153619033838555
6.802052730196753
7.449079620832893
7.092906869239593
6.736581626716646
7.3821170550611015
7.0300036799339525
6.678744953493926
7.326814712844153
6.9714064143765615
6.612122231071677
7.25148036556793
6.892654488125794
7.535629288280358
7.179534912109375
6.82203681306066
7.462036276591434
7.101791650408822
6.7440647729591525
7.3883671025869475
7.034058040873559
6.6787571600927755
7.321335425035468
6.963669439517077
6.608597451144413
7.255707378579562
6.904450084451295
6.552185713571314
7.197815537633616
6.842270524670079
7.4860237295068845
7.130859976825673
6.777191601853817
7.423599644617867
7.068832549237572
6.713913123667233
7.358597060957854
7.004761014480683
6.652740765216812
7.301010393080418
6.9477389219889085
6.591324141911673
7.234604145478374
6.879928866100966
6.527420336150898
7.175934253199938
6.823669870342947
7.46820108265
7.108749808882819
6.747894728763025
7.3889928903713304
7.031571044894034
6.6751562825599216
7.317505469287578
6.957352112927579
7.596802322725789
7.238907453194423
6.88304181481781
7.528671660499453
7.1730503422341
6.815308054472552
7.45750467208956
7.102341117854858
6.749298537264914
7.3978124697570316
7.045319212648367
6.690780924719596
7.335235855728666
6.978744780144209
6.623596479368942
7.269852094514323
6.916244937739174
6.561645962002251
7.206650193812633
6.8513340531497615
7.496170441512622
7.142654836189656
6.7893833735251
7.435242276407015
7.080704341440223
6.725311917413691
7.367035316645555
7.0050051550961925
6.641876507873275
7.280701092926901
6.921249820240081
7.562973416516575
7.203369554352534
6.8413242881612035
7.479141809151966
7.11961425023722
6.762192407097512
7.406326873387007
7.0494543441269935
6.690475909311186
7.331253198101635
6.974685822770681
6.6203920077605405
7.267654681388803
6.913986481922839
7.558120979896582
7.201416280482438
6.844696323582692
7.490860383200697
7.140076100988787
6.7909397699088725
7.441559238375554
7.0892948539786245
6.733520950408931
6.376801004464769
6.022110480233278
5.668991614574858
5.317185008732821
4.9639898581828685
4.6085211544911955
4.252731771741843
3.8995366219343977
3.548446957626457
3.198837317539881
2.848205608260423
2.4954681874187483
2.141647394529614
1.787033147762623
1.4335175392132744
1.081558337759003
