30.0
30.000140303367697
29.99988214131293
29.99978045912586
30.000021885706833
29.99993421776815
30.000085825723495
29.999998826250074
29.999835682323795
29.999985227533767
29.999818400347234
29.99989725134688
29.632888881794788
28.117120237588228
29.985471164430223
29.64571707789768
28.659566857343343
27.918379458964022
27.323894770134
26.93175661332185
26.56442391398788
25.984966733166836
25.530401220341908
24.950381432095533
24.43293586275231
24.13274592057801
23.74313560352857
23.27132695902483
22.73189611861158
22.14142117285875
21.50139878437588
20.818634996279503
20.097139749010207
19.341238884825113
18.558666449758274
17.74732459042314
16.903391218863344
16.293528015985434
15.982337601694013
15.607825556561586
15.071110983774398
14.442776826890013
13.776884727468843
13.284866228838464
13.024142256927341
12.691498555437839
12.20020681388252
11.613821546760093
11.243405991330807
12.144480260150484
11.532134183171081
11.42899856764253
11.867024945287497
11.879512713344628
11.312205374329999
11.43465215381979
11.724251866859607
11.789413079724014
11.905662542283768
11.74771438904002
11.793670828159083
11.72627619564669
10.519850109949974
9.087386183837992
8.77128782786
8.594122160556111
8.560615628700315
8.346547056452138
8.118527841338
7.655735214764238
7.359129384110759
7.2351206877034
7.355515865949151
7.34077744656965
7.3743903244992985
7.1259465661953705
6.9974005162017185
6.819389558426188
6.684431312569409
6.306746908166147
6.071651439884228
5.992913213039877
6.1471711674723295
6.1647743696841815
6.218827982884708
5.993174831840619
5.878247649070531
5.716313015664827
5.730323740290139
5.749589960485064
5.867206863542549
5.749439608818243
5.607896473348962
5.222068730031477
4.990794475944401
4.92949208977544
5.1057556466583875
5.140118638180791
5.208801530848785
4.991345051162682
4.884319831810743
4.794606134281256
4.955604658418686
5.018934420685429
5.110675316014024
4.914889498347225
4.821790894050338
4.681968721826795
4.7092757074979765
4.745149057064765
4.879436281794035
4.773774105111599
4.754311446224758
4.665904057785017
4.604962490150008
4.2908339650768
4.102736404090191
4.065429968571234
4.25997981707712
4.313607209094247
4.392913382424812
4.186630502100698
4.085110910725966
4.095154424257277
4.331283567049098
4.412024027411494
4.516087912156472
4.333583547609038
4.247223765927494
4.269856062426133
4.513177861875317
4.600123092613234
4.7082346874945245
4.526799883890977
4.446906334065247
4.386128230927131
4.571414943161326
4.649536594245209
4.751723250492034
4.564438206114328
4.478326995426254
4.494419496622413
4.735021449807753
4.817919374651645
4.924694330483302
4.741018654613523
4.660055628094664
4.532548631433553
4.5723936769290034
4.6159359266205335
4.756898232280122
4.655545465201907
4.641781629679262
4.55884883502452
4.510612062976488
4.257491594228341
4.115579534046677
4.106400127294982
4.323516540134655
4.395498363838826
4.491156007564729
4.299410511113429
4.209374559680025
4.228467141521772
4.47116732646937
4.557867343640183
4.670056477104534
4.496741753620103
4.425670302709939
4.300762190387395
4.342710154423713
4.393708480892769
4.5423727919098305
4.562852031714989
4.775434582052846
4.78510002789476
4.766235371394252
4.599041634915018
4.7695659985432
4.897116864736304
5.13155892966325
5.122818947725218
5.193263868692259
5.167935478489596
5.287012887073544
5.380539865090661
5.572901890208506
5.512422073620652
5.538983251659541
5.479462522895599
5.574775932275884
5.650181716868865
5.823504263574424
5.750242979885886
5.766059673984682
5.708265225831575
5.806812176533736
5.904101142082109
6.072290679219915
6.048854116040129
6.00230063705089
5.853046420506082
6.036681300908853
6.246123217343417
6.471119964113409
6.593239136492578
6.596446155963328
6.421823641965858
6.3360767315059014
6.2558902883291765
6.1965509218931345
5.91414110111192
5.664345871171847
5.852388428366677
6.147134089740209
6.192121596328754
6.367202112620706
6.247929459846283
6.069106682588092
5.988448261201086
6.026744645708707
5.894770296963191
5.962681898604838
5.877734025017762
5.840145451018216
5.593540231408507
5.408744466639725
5.461100539176677
5.650557442650896
5.767243195776754
5.823083387495956
5.651362332868505
5.514138816629757
5.372440090638349
5.34158240301057
5.358570782840236
5.433609282806096
5.297976808679238
5.230502720168225
5.108449336213255
5.04114004649427
4.8498688170436814
4.765602102171737
4.634371952874492
4.66493555616605
4.704615133704099
4.840191449303465
4.7320395282563545
4.716409941576938
4.623985257172787
4.672375478747796
4.689799371648437
4.838281198172016
4.744882609685924
4.6601656016982425
4.495583217679641
4.506710742863813
4.506487781518086
4.575388573260529
4.3937170067671865
4.3080998931876735
4.323694692053124
4.562866813778509
4.6428485490687805
4.747153721591868
4.5620246419419
4.476487762994083
4.4915191829669965
4.72790762918396
4.806057400235694
4.910537081770528
4.722979874213642
4.638631047016204
4.498594213099402
4.529079282741815
4.566040639852616
4.697268563410198
4.591435718583597
4.569702758140036
4.475785121539051
4.54124468184693
4.599440559644428
4.753828765671006
4.660678571832982
4.6530566660646215
4.571789689700669
4.510317481263339
4.196629074850204
4.005459171084496
3.962292028266287
4.154577813324437
4.2016039775128
4.277460979968069
4.064473701386994
3.9581704717250723
3.964478614140795
4.1978870591668205
4.273320071192462
4.376264536515741
4.1832227393806605
4.093131230984991
4.107433570893363
4.344090229401441
4.426308014453355
4.531818562588494
4.344942208267238
4.2599731743241875
4.27681093014904
4.514887874749082
4.59809036064177
4.701370132304252
4.517216303928432
4.43319837354899
4.451733373431495
4.690999006394662
4.77453646805461
4.879744581735618
4.692480508758781
4.609774125078733
4.474934588719524
4.508451222482517
4.550570271827457
4.689850762342889
4.587116203976272
4.568564509611814
4.481425082036843
4.553018989890155
4.616650719357615
4.778172754884686
4.692597009130996
4.57562313791216
4.32627698480303
4.4420839739467795
4.534578317025797
4.73245122725011
4.697966841358596
4.63453875251048
4.306673151407516
4.107035161489087
4.060583605412216
4.251770684646932
4.304711325404323
4.382267221324991
4.17364506630868
4.078538019477218
4.093434557190033
4.334642040446916
4.417956315434878
4.525428056245914
4.34411669507972
4.264521635516921
4.293660436115665
4.545249087748566
4.637337789971642
4.754230867627204
4.578405499089541
4.503380709141247
4.3781061580623195
4.421501598473885
4.478034440775939
4.627239241434669
4.535077844144457
4.526289307800013
4.4513300869140195
4.395582085241696
4.088068117769321
3.906624028108812
3.8816098643907395
4.08892681917197
4.15423433962448
4.242949183228294
4.046691825481112
3.952940754392227
3.9767786698499563
4.224797403646697
4.320808292427458
4.433902495143666
4.261128920753588
4.187579344430443
4.218476106025399
4.474114321277707
4.570465365959855
4.691797294945122
4.626472562463324
4.877391366008268
5.056976298075362
5.3385523637650145
5.365729286375011
5.3582717971500315
5.078563966059811
4.921224395787618
4.899851701964376
5.216101223985778
5.445086924702853
5.771975879910034
5.834095711084839
5.864996358512585
5.616271894992668
5.4785579435465195
5.466175985377983
5.7215901374372535
5.926047888776882
6.2166056747925005
6.40344803453614
6.558603458512447
6.696292074022665
6.358467603271521
5.810220348360424
5.570075384991874
5.514259318317464
5.7067540883807695
5.822353266553161
6.032756693757751
6.085401650314058
6.158512739424918
6.160207707821304
6.289684398775723
6.541680775745327
6.405126209184907
6.083878061989235
5.993847117828693
5.8974387883584605
5.941139201769339
5.842051136861102
5.920697668306037
6.020895425274617
6.197798415696845
6.2881385677699875
6.357998938614099
6.413073284143891
6.470518989033167
6.6686197732657035
6.655676322308171
6.505246508983056
6.327166051551661
6.338613429530273
6.374327546232294
6.439036754086381
6.347276279636553
6.081392165691678
5.797410159875611
5.780263897067961
5.875381359809712
5.926039239229716
5.931082892774711
5.69712365601028
5.5151744776476335
5.298197396112538
5.244803584107615
5.223825568560439
5.297028415539099
5.148207252175467
5.100364788637947
5.007324505416477
4.92321689239666
4.599569736586208
4.39821159169113
4.3541066142339275
4.548455693082513
4.604094726551004
4.686110018389446
4.485761072691737
4.389797748901316
4.40677977442482
4.645198928708535
4.730983497676732
4.840298304304142
4.660181882617334
4.580295228299562
4.451884590559622
4.488753695938826
4.53524511180078
4.678455774919819
4.579794228121823
4.5662241776430825
4.48323444125753
4.511924111010664
4.5286941859507515
4.683922923651643
4.59619963311706
4.54802997555101
4.419328988927848
4.492004349077341
4.562938177767556
4.72676139102574
4.644840667447291
4.5311888647229175
4.285552133720923
4.407193077936363
4.50246448366109
4.707866032903713
4.678419554571363
4.6145957141837854
4.287901966408853
4.089038678265197
4.044771543229874
4.23904033751414
4.2919158742282235
4.373504478591016
4.1681991322222025
4.068153395427185
4.083897620896931
4.321878839836934
4.408710321883515
4.518257882019334
4.334974920062493
4.255130466069115
4.278644769368142
4.526814546994743
4.614919240668559
4.731586420031043
4.553172539563544
4.476116857209277
4.350654359264144
4.390730901995077
4.439194398137886
4.584288555677464
4.485825730286159
4.4753191418062315
4.393847360363445
4.471118469435236
4.542196191649047
4.708528629996625
4.626422094679999
4.513328243940947
4.26976460177092
4.391745884581141
4.488130444762746
4.693822841121275
4.662403620819276
4.597463723121617
4.272351584858178
4.07329376956768
4.03130113026203
4.224710855103471
4.279534683005185
4.357211123706737
4.152593952402473
4.052175550619488
4.066877451681933
4.310084220560221
4.3958439452849625
4.505136036257561
4.322717006005032
4.24347129786171
4.270297911095344
4.517340650031269
4.608279542954101
4.724346303353492
4.547196338132885
4.4701317451091285
4.345399552355296
4.384779798075652
4.43510088885381
4.584253341596774
4.488795075772746
4.48074000350752
4.402569376630705
4.426614629348414
4.444225051261668
4.60051879947105
4.514839614380598
4.512243322843851
4.4380649380278
4.3885206860142
4.0836412366286865
3.9021634686306683
3.870692133649804
4.072054847470373
4.135377572752262
4.2229044542626895
4.0227278378853875
3.9261807285402988
3.9478980946799886
4.191951438901803
4.284823675910918
4.397317440283203
4.216611929101095
4.139021944298108
4.167950815395422
4.4183102049589955
4.5124235528154735
4.626772741127862
4.4508570155310885
4.377445030739832
4.264687528612502
4.404257829649076
4.566338314025067
4.830471862658598
4.8444974730519235
4.8233814646657365
4.529179500860767
4.358980803628459
4.330288172317971
4.536919730389737
4.5988358246917755
4.684460934563269
4.488173121422879
4.394702317400235
4.413589730168308
4.653132553167605
4.7378255577591055
4.849302925035584
4.669935586465108
4.592890530990463
4.466665553794712
4.507629894436679
4.557904905525067
4.7036622742204806
4.608664666278827
4.600039894178579
4.717854757408329
5.19082942273743
5.623761242053071
6.339362834759971
6.794324072203608
7.38382705066844
8.442719717095802
10.04668437154351
14.891172696252209
19.683409158610658
24.412375559827076
29.004992190918955
29.99928910466062
30.032164174958723
30.043176895631454
30.044490342690768
30.041663303718018
30.037133428931046
30.032287097105105
30.0274450509624
30.022879757526276
30.018827919823252
30.01551427703509
30.012360343411626
30.01008367888671
30.00806700907875
30.006364685302074
30.005134566299297
30.004025529870393
30.003286887712243
30.00255295420092
30.002154894606683
30.001614061941336
30.00140189984246
30.0
30.0
30.0
30.0
30.0
30.0
30.0
30.0
30.0
30.0
30.0
30.0
30.0
30.0
30.0
30.0
30.0
30.0
30.0
30.0
30.0
30.0
30.0
30.0
30.0
30.0
30.0
30.0
30.0
30.0
30.0
30.0
30.0
30.0
30.0
30.0
30.0
30.0
30.0
30.0
30.0
30.0
30.0
30.0
30.0
30.0
30.0
30.0
30.0
30.0
30.0
30.0
30.0
30.0
30.0
30.0
30.0
30.0
30.0
30.0
30.0
30.0
30.0
30.0
30.0
30.0
30.0
30.0
30.0
30.0
30.0
30.0
30.0
30.0
30.0
30.0
30.0
30.0
30.0
30.0
30.0
30.0
30.0
30.0
30.0
30.0
30.0
30.0
30.0
30.0
30.0
30.0
30.0
30.0
30.0
30.0
30.0
30.0
30.0
30.0
30.0
30.0
30.0
30.0
30.0
30.0
30.0
30.0
30.0
30.0
30.0
30.0
30.0
30.0
30.0
30.0
30.0
30.0
30.0
30.0
30.0
30.0
30.0
30.0
30.0
30.0
30.0
30.0
30.0
30.0
30.0
30.0
30.0
30.0
30.0
30.0
30.0
30.0
30.0
30.0
30.0
30.0
30.0
30.0
30.0
30.0
30.0
30.0
30.0
30.0
30.0
30.0
30.0
30.0
30.0
30.0
30.0
30.0
30.0
30.0
30.0
30.0
30.0
30.0
30.0
30.0
30.0
30.0
30.0
30.0
30.0
30.0
30.0
30.0
30.0
30.0
30.0
30.0
30.0
30.0
30.0
30.0
30.0
30.0
30.0
30.0
30.0
30.0
30.0
30.0
30.0
30.0
30.0
30.0
30.0
30.0
30.0
30.0
30.0
30.0
30.0
30.0
30.0
30.0
30.0
30.0
30.0
30.0
30.0
30.0
30.0
30.0
30.0
30.0
30.0
30.0
30.0
30.0
30.0
30.0
30.0
30.0
30.0
30.0
30.0
30.0
30.0
30.0
30.0
30.0
30.0
30.0
30.0
30.0
30.0
30.0
30.0
30.0
30.0
30.0
30.0
30.0
30.0
30.0
30.0
30.0
30.0
30.0
30.0
30.0
30.0
30.0
30.0
30.0
30.0
30.0
30.0
30.0
30.0
30.0
30.0
30.0
30.0
30.0
30.0
30.0
30.0
30.0
30.0
30.0
30.0
30.0
30.0
30.0
30.0
30.0
30.0
30.0
30.0
30.0
30.0
30.0
30.0
30.0
30.0
30.0
30.0
30.0
30.0
30.0
30.0
30.0
30.0
30.0
30.0
30.0
30.0
30.0
30.0
30.0
30.0
30.0
30.0
30.0
30.0
30.0
30.0
30.0
30.0
30.0
30.0
30.0
30.0
30.0
30.0
30.0
30.0
30.0
30.0
30.0
30.0
30.0
30.0
30.0
30.0
30.0
30.0
30.0
30.0
30.0
30.0
30.0
30.0
30.0
30.0
30.0
30.0
30.0
30.0
30.0
30.0
30.0
30.0
30.0
30.0
30.0
30.0
30.0
30.0
30.0
30.0
30.0
30.0
30.0
30.0
30.0
30.0
30.0
30.0
30.0
30.0
30.0
30.0
30.0
30.0
30.0
30.0
30.0
30.0
30.0
30.0
30.0
30.0
30.0
30.0
30.0
30.0
30.0
30.0
30.0
30.0
30.0
30.0
30.0
30.0
30.0
30.0
30.0
30.0
30.0
30.0
30.0
30.0
30.0
30.0
30.0
30.0
30.0
30.0
30.0
30.0
30.0
30.0
30.0
30.0
30.0
30.0
30.0
30.0
30.0
30.0
30.0
30.0
30.0
30.0
30.0
30.0
30.0
30.0
30.0
30.0
30.0
30.0
30.0
30.0
30.0
30.0
30.0
30.0
30.0
30.0
30.0
30.0
30.0
30.0
30.0
30.0
30.0
30.0
30.0
30.0
30.0
30.0
30.0
30.0
30.0
30.0
30.0
30.0
30.0
30.0
30.0
30.0
30.0
30.0
30.0
30.0
30.0
30.0
30.0
30.0
30.0
30.0
30.0
30.0
30.0
30.0
30.0
30.0
30.0
30.0
30.0
30.0
30.0
30.0
30.0
30.0
30.0
30.0
30.0
30.0
30.0
30.0
30.0
30.0
30.0
30.0
30.0
30.0
30.0
30.0
30.0
30.0
30.0
30.0
30.0
30.0
30.0
30.0
30.0
30.0
30.0
30.0
30.0
30.0
30.0
30.0
30.0
30.0
30.0
30.0
30.0
30.0
30.0
30.0
30.0
30.0
30.0
30.0
30.0
30.0
30.0
30.0
30.0
30.0
30.0
30.0
30.0
30.0
30.0
30.0
30.0
30.0
30.0
30.0
30.0
30.0
30.0
30.0
30.0
30.0
30.0
30.0
30.0
30.0
30.0
30.0
30.0
30.0
30.0
30.0
30.0
30.0
30.0
30.0
30.0
